quarter	Total Live-Births	  1st Live-Birth	  2nd Live-Birth	  3rd Live-Birth	  4th Live-Birth	  5th Live-Birth	  6th Live-Birth & Over	Unit Labour Cost Of Accommodation & Food Services	Unit Labour Cost Of Business Services	Unit Labour Cost Of Construction	Unit Labour Cost Of Finance & Insurance	Unit Labour Cost Of Information & Communications	Unit Labour Cost Of Manufacturing	Unit Labour Cost Of Other Goods Industries	Unit Labour Cost Of Other Services Industries	Unit Labour Cost Of Overall Economy	Unit Labour Cost Of Transportation & Storage	Unit Labour Cost Of Utilities	Unit Labour Cost Of Wholesale & Retail Trade	time
1986-Q1	9954	4414	3553	1433	316	103	61	59.7	40.8	67.5	53.3	86	124.6	61.2	57.1	73.7	62.3	88.6	123	1986-01-01
1986-Q2	9353	4186	3367	1271	332	87	50	56.2	39.3	57.3	44.9	86.7	93.4	50.4	53.5	68.8	53.7	74.7	95.5	1986-04-01
1986-Q3	9854	4398	3475	1395	359	98	44	54.6	38.9	67.8	45.9	87.3	91.1	47.8	52.9	68	53.3	72.8	95.1	1986-07-01
1986-Q4	10239	4782	3423	1454	351	98	51	56.5	36.9	72.6	61.4	94.1	104.9	51.5	63.3	66.7	58.1	94.1	98.1	1986-10-01
1987-Q1	8834	4007	3053	1234	320	81	56	56.2	33.2	78.9	44.7	87.7	104.1	54.4	50.5	66.1	60.6	73	114	1987-01-01
1987-Q2	10488	4306	3942	1623	395	82	51	54.5	35.8	69.6	40.3	85.2	91.7	49.5	52.2	67.6	59.5	68.4	91.9	1987-04-01
1987-Q3	11724	4532	4492	1940	458	126	68	50.5	34.1	68.3	38.1	77.9	91.8	44	51.5	64.4	54.4	64.1	88.9	1987-07-01
1987-Q4	12843	4928	4966	2195	425	117	72	50	37.4	72.5	58.1	82	103.1	48.6	63.2	64.1	57.6	86.8	94.7	1987-10-01
1988-Q1	11127	4374	4032	2002	434	117	41	52.2	33.5	80.4	50.4	84.3	106.7	52.3	50.2	66.5	59.8	66.9	110	1988-01-01
1988-Q2	12068	4426	4645	2265	485	107	51	50.4	32.5	69.6	44.6	75.7	92.1	45.2	50.8	65.6	53.8	62	89.4	1988-04-01
1988-Q3	13800	5413	5046	2539	524	105	58	48.8	33.4	68.9	44.5	76.3	95.4	45.3	52.2	65.6	55.1	61.7	86.5	1988-07-01
1988-Q4	15827	6236	5728	2940	597	130	71	48.5	44.5	77.5	60.6	85	110.9	52.1	80.1	70	61.6	110.9	96.2	1988-10-01
1989-Q1	11300	4657	3955	2059	469	108	52	49.8	34.7	83	52.7	82.9	118	54.2	53.7	69.9	62.5	69.2	115.2	1989-01-01
1989-Q2	11090	4475	3946	2042	452	116	57	50.5	34.1	78.8	46.2	83.9	100.4	55	55.2	69.9	61.1	62.4	92.4	1989-04-01
1989-Q3	12110	4953	4209	2240	528	124	56	49.8	35.4	84.7	47.7	86.1	104.1	50.3	60.6	72.4	62.9	72.7	92.4	1989-07-01
1989-Q4	13169	5380	4521	2504	568	123	72	53	47.8	89.5	55.9	87.9	118.8	53.9	80.2	74.4	73.1	101.3	110.8	1989-10-01
1990-Q1	11284	4650	3962	2043	458	119	52	58.8	41.6	86.6	44.4	78.9	126.9	50.2	57.1	73.1	67.2	67.9	113.7	1990-01-01
1990-Q2	11861	4558	4337	2229	566	123	48	56.1	41	84.8	47	70.4	111.3	49.3	57.5	75.4	62.9	57.1	105.7	1990-04-01
1990-Q3	13267	5292	4647	2567	582	124	54	54.6	44.4	88.3	47	70.1	112	47.5	63.9	78	68.7	70.5	111.6	1990-07-01
1990-Q4	14730	5825	5286	2785	652	115	64	54.8	55.4	86.3	55.7	79.8	127.2	50.4	80.8	77.3	71.7	102.7	121.9	1990-10-01
1991-Q1	11559	4620	4125	2114	547	108	45	64.8	48.1	93.9	49.4	77	132.6	52.2	59.1	79	74	62.2	125.6	1991-01-01
1991-Q2	11560	4420	4216	2206	558	113	47	56.7	46.5	96.5	48.6	70.6	117.5	48.5	59.1	81	72.1	65.6	115.1	1991-04-01
1991-Q3	12581	5111	4483	2238	578	119	52	54.8	48.4	88.4	49.8	71.1	119.3	45.2	65.2	81.6	69.7	70.5	113.2	1991-07-01
1991-Q4	13414	5472	4754	2380	616	130	62	56.9	61.7	83.9	55	80.4	137.3	52.6	84.6	82.7	81.6	98.8	130.8	1991-10-01
1992-Q1	11639	4748	4108	2136	503	91	53	59.9	48	89.6	50.1	68.8	147.5	49.4	60.1	83.5	75	65.1	150.4	1992-01-01
1992-Q2	11441	4545	4062	2130	553	101	50	57.5	46.7	87.8	48.6	57.7	128.4	63.6	60.2	84.2	70.6	58.2	137.4	1992-04-01
1992-Q3	12781	5352	4424	2238	584	124	58	56.4	49.6	86.7	44.9	54.8	125.7	57.3	66	83.9	71.9	71	134.8	1992-07-01
1992-Q4	13541	5662	4780	2339	583	125	52	59	64.3	86.6	50.7	70.6	139.9	69.1	85.2	83.8	78.1	97.7	147.7	1992-10-01
1993-Q1	11525	4757	4083	1977	540	117	50	63.4	52.8	92.4	52.1	59.7	145.6	58.5	61	83.8	76.9	65.5	139.4	1993-01-01
1993-Q2	12014	4880	4314	2116	530	124	48	58.3	53	89.3	50.7	54.4	122.7	57	60.4	83.6	71.1	59.1	130.8	1993-04-01
1993-Q3	13079	5427	4578	2284	606	130	53	57.7	54.8	83.1	49.2	56.8	120.7	52.1	66.9	84	71.7	71.6	128.4	1993-07-01
1993-Q4	13607	5613	4832	2382	603	136	41	60.5	67.8	87.9	57.3	71.4	137.8	70.1	85.7	84.4	82.1	102.5	137.3	1993-10-01
1994-Q1	11669	4848	4146	1984	533	116	42	63	55.9	90.9	54.3	58	140	58.9	62.3	84.3	82	65.6	142.3	1994-01-01
1994-Q2	12005	4846	4328	2125	550	105	49	62	55	86.9	57.4	52.6	118.1	62.4	63	85.3	78	65.9	126.6	1994-04-01
1994-Q3	12547	5239	4408	2180	539	141	40	59	56.4	78.1	55.9	64.6	117.7	59.3	70.2	85.7	79.2	75.7	122.3	1994-07-01
1994-Q4	13333	5505	4766	2272	601	134	54	66.1	71.9	78.9	67.4	66.2	135.7	74.4	92.9	87.3	85.2	111.9	130.4	1994-10-01
1995-Q1	11412	4816	3981	1958	496	107	54	66.8	66	96.2	65.4	58.2	141.5	69	67	89.2	85.9	65.4	138.5	1995-01-01
1995-Q2	11804	4834	4246	1998	545	130	51	64.3	62.9	87.6	63.2	56.6	119.6	66.3	63.6	88.1	80.5	63.8	124.4	1995-04-01
1995-Q3	12471	5210	4380	2089	601	144	47	61.6	62.5	79.7	58.8	68.4	112.8	60.8	70	86.8	83.3	75.1	119.2	1995-07-01
1995-Q4	12948	5298	4673	2234	570	124	47	69.2	75	80.2	72.8	76.2	130	71.3	91.3	88.4	88.5	99	132	1995-10-01
1996-Q1	11501	4789	4154	1870	528	104	55	68.1	66.1	90.4	63.5	67.3	134.9	67.2	64.4	88.2	86.7	68.5	145.7	1996-01-01
1996-Q2	11623	4592	4315	2046	537	92	41	67.3	60.2	87.2	67.4	63.7	120.9	68.7	65.9	90.2	78.6	57.6	132.9	1996-04-01
1996-Q3	12208	5032	4333	2059	591	140	53	68.3	62.1	86.9	65.8	67.5	123	66.6	71.2	91.6	79.6	64.1	127.7	1996-07-01
1996-Q4	13245	5391	4717	2322	635	134	46	73.3	73.5	88	71.3	91.9	136.3	71.2	89	90.6	89.3	90.7	136.9	1996-10-01
1997-Q1	10937	4448	4074	1816	459	106	34	71.9	66.3	97.2	60.8	68.3	147.6	72.7	66.1	90	82.9	75.3	141.1	1997-01-01
1997-Q2	11170	4524	4093	1851	532	118	51	69.7	61.5	92.4	61.4	62.5	121.7	65.6	66.1	89.7	79.1	59.7	123.7	1997-04-01
1997-Q3	12106	5040	4310	2012	551	137	56	69.2	63.1	83.8	67.1	62.5	118.2	67.6	71.4	90	78.9	63.6	121	1997-07-01
1997-Q4	13120	5404	4650	2255	642	121	48	75.1	73.7	87.5	81.7	83.4	132.9	77.2	87.8	92.5	93	90.4	148.7	1997-10-01
1998-Q1	10788	4542	3790	1788	496	126	46	78.4	69.5	95.5	86.4	65.5	142.5	73.6	70.3	95.7	87.7	71.5	159.5	1998-01-01
1998-Q2	10869	4517	3880	1757	564	115	36	76.3	64	92.8	85.6	57.8	123.8	75.9	69.2	96.3	80.4	51.6	142.3	1998-04-01
1998-Q3	11042	4877	3743	1715	530	116	61	76.3	67.4	88.5	88.9	57.4	119.5	74.2	71.1	95.8	80.2	68.6	140	1998-07-01
1998-Q4	10965	4924	3617	1706	518	143	57	78.4	79.2	87.8	89.4	80	128.8	78.4	83.5	91.8	89.3	70.9	147.9	1998-10-01
1999-Q1	10268	4483	3553	1637	441	107	47	74.7	73.7	95.6	85.2	57.6	120.6	76	65.3	88.6	79.4	62.7	148.6	1999-01-01
1999-Q2	10863	4561	3867	1714	514	131	74	71.9	67.1	92.4	89.8	52.6	100.8	69.8	64	88	73.7	64.5	120.1	1999-04-01
1999-Q3	10930	4896	3786	1558	501	137	51	72.5	72.9	85.4	84.5	61.4	96.9	64.3	68.2	87.3	76.8	67.8	116.3	1999-07-01
1999-Q4	11275	4838	3964	1762	514	148	49	72	88.3	87	106.8	69.4	117	77.3	83.5	89.8	82.6	79.2	130	1999-10-01
2000-Q1	11137	4783	3946	1715	477	140	74	70.1	85.5	97	93.1	67.4	117	68.6	67.1	89.4	83.2	74.9	133.4	2000-01-01
2000-Q2	11264	4664	4174	1725	512	128	60	67.7	75.9	90.6	97.1	62.7	97.5	69.7	63.4	88.7	76.5	68	112.7	2000-04-01
2000-Q3	12120	5141	4364	1849	562	148	56	65.5	79.7	81.6	97.2	73.9	94.6	59.8	71.7	88.8	80.8	74.5	107.2	2000-07-01
2000-Q4	12476	5342	4464	1875	583	141	70	69.7	97.7	82	114.3	84.8	112.9	82.7	89	92.5	86.4	85.7	128.6	2000-10-01
2001-Q1	10286	4481	3610	1561	438	128	65	74.1	91.7	87.4	85.8	68.8	127.2	78	76.1	92.9	85.2	79.4	134	2001-01-01
2001-Q2	10372	4296	3696	1691	499	118	71	72.5	78.9	84	92.3	66.6	115.2	81.4	67.1	94.2	76.5	61.5	121.6	2001-04-01
2001-Q3	10224	4389	3477	1672	485	137	63	71.2	80.6	79	95.5	75.2	121.1	79.7	76.7	97.7	79.6	81.5	119.9	2001-07-01
2001-Q4	10569	4429	3718	1727	487	141	67	76.3	88.2	84	102.3	79	132.8	73.1	77.9	92.7	76.8	85.6	135.2	2001-10-01
2002-Q1	9684	4139	3492	1501	382	110	59	73.6	82.1	86.4	92.7	66.2	125.8	83.2	74.7	91.3	80.6	71	138.5	2002-01-01
2002-Q2	9926	4320	3654	1388	396	114	54	72.2	72.3	88.6	97.3	64.1	98.7	85.4	67.6	89.6	72.7	51.9	119.6	2002-04-01
2002-Q3	10350	4362	3817	1565	432	112	61	72.7	76	83.3	92.9	73.6	102.6	89.6	74.6	91.2	75.7	76.4	111.5	2002-07-01
2002-Q4	10800	4703	3910	1555	464	110	56	75.9	83.4	85.2	96.4	78.5	121.5	97.9	81	91.1	86.7	89.9	127.7	2002-10-01
2003-Q1	9130	3928	3371	1313	358	112	46	78.1	80.7	92.3	90.7	64.4	119.3	96.3	75.9	89.8	85	87.1	131.7	2003-01-01
2003-Q2	9222	4008	3290	1380	379	109	56	95.4	75.3	88.3	85.5	61.1	106.2	92.8	70.6	91.6	84.5	67.8	112.9	2003-04-01
2003-Q3	9402	4097	3393	1350	398	106	58	75.1	75.2	80.6	77.9	69.5	97.7	85	71.8	86.5	77.4	80.8	103.8	2003-07-01
2003-Q4	9731	4375	3403	1447	363	90	53	73.5	82.2	83.2	84.3	69.8	107.5	91.3	78	83.4	79.1	73.7	111	2003-10-01
2004-Q1	8889	3930	3239	1247	320	102	51	77	79.3	84.9	85.7	62.6	108.9	98.6	79.3	83.6	78	86.5	108.4	2004-01-01
2004-Q2	8951	3969	3212	1260	367	103	40	75.2	75	90.4	85.5	63.4	91.3	97.1	66.5	82.9	70.3	60.9	94	2004-04-01
2004-Q3	9279	4209	3248	1259	390	104	69	73.1	78.9	85	85.1	61	93	81.7	72	83.4	69.3	65.2	90.1	2004-07-01
2004-Q4	10055	4516	3631	1346	404	96	61	75	91.1	87.9	97	74.4	101.3	93.8	83.1	84.9	83.5	85.6	101.3	2004-10-01
2005-Q1	8644	3980	3082	1105	340	88	48	75.6	81	85.9	98.8	72.5	112.5	85	79.9	85.4	78	73.9	105.4	2005-01-01
2005-Q2	9431	4189	3369	1367	381	78	47	68.1	76.5	93.7	95.6	72.6	90.6	90	65.4	83.7	73.1	60.1	90.6	2005-04-01
2005-Q3	9714	4333	3454	1346	436	99	46	65.7	79	88.7	100.2	67.6	86.9	88.3	69.6	83.7	74.5	66.2	89.2	2005-07-01
2005-Q4	9703	4385	3414	1364	388	99	53	68.9	92.9	89.7	105.6	73.3	93.1	96.3	81.1	83.6	79	75.4	105.4	2005-10-01
2006-Q1	8999	4070	3237	1231	338	86	37	74.9	87.4	88.1	101.9	78.3	104.4	87.5	78.2	84.3	84.5	64.5	102.2	2006-01-01
2006-Q2	9329	4178	3374	1269	368	95	45	67.6	86.2	93.3	100	73.6	88.3	84.8	66.1	84.9	72.2	61.6	91.5	2006-04-01
2006-Q3	9822	4453	3510	1319	377	111	52	64.3	88.8	84.3	95.8	68.9	86.2	89.4	73.4	85.4	75	66.2	90.5	2006-07-01
2006-Q4	10167	4565	3663	1386	400	92	61	69.7	100.6	88.2	116.6	75	93.4	86.3	82.4	86.4	79.4	76.2	107.2	2006-10-01
2007-Q1	9200	4192	3277	1227	367	91	46	76	98.2	84.2	115	75.2	106.8	87.7	80.8	88.2	83	79.1	109.8	2007-01-01
2007-Q2	9247	4111	3331	1271	392	95	47	70.1	89.4	86	117.6	77.6	90.2	91.7	75.2	91.2	72.4	70.5	97	2007-04-01
2007-Q3	10347	4784	3654	1365	394	95	55	69	88.9	81.3	105.2	75.5	85.6	93.8	78.6	89.4	78.9	70.5	96.8	2007-07-01
2007-Q4	10696	5127	3685	1330	405	101	48	77.1	100	84.8	119.3	83.3	103.9	97.4	85.1	91.6	76.3	77.8	117.1	2007-10-01
2008-Q1	9592	4593	3338	1178	369	79	35	83.3	97.4	91.2	105.6	81.3	105.3	97.5	91	89.2	76.2	95.7	111.6	2008-01-01
2008-Q2	9696	4673	3318	1187	357	110	50	74.6	87.5	81.5	101.6	79.8	104.5	97.4	72.6	91.3	65.5	70.9	97.5	2008-04-01
2008-Q3	10096	4816	3421	1338	374	100	47	76	86.5	75.2	104.3	76.7	103.1	101.7	80.8	94.2	77.3	76.9	98.9	2008-07-01
2008-Q4	10442	4875	3748	1306	375	90	48	84.3	98.5	78.8	99.3	84.2	122.1	109.5	85	95.1	85.1	74.9	124.4	2008-10-01
2009-Q1	9498	4429	3378	1211	330	96	54	88.3	94.5	84.1	114.8	79	131.2	98.8	89.4	97	92.5	89.8	120.5	2009-01-01
2009-Q2	9426	4384	3333	1205	349	102	53	78.6	86	74.5	105.3	79.7	92.5	102	76.4	93.2	80.1	65.1	101.5	2009-04-01
2009-Q3	10134	4762	3511	1328	386	103	44	74.9	83.5	69.8	104.7	77.8	81.9	98.6	78.9	90.1	81.8	65.9	97.5	2009-07-01
2009-Q4	10512	5015	3622	1315	385	109	66	82.5	94.9	69.6	96.1	88	109.6	90.3	82.2	90	86.6	74.7	111.6	2009-10-01
2010-Q1	9320	4372	3331	1187	307	84	39	89.8	97	84.3	107.9	84.4	100.8	101.7	88.9	89.8	89.6	81.3	108	2010-01-01
2010-Q2	9424	4473	3369	1138	308	94	42	81	88.1	74	102.1	89.9	69	90.3	71.9	85.9	80.3	65.4	91	2010-04-01
2010-Q3	9631	4644	3378	1145	344	85	35	79.6	88.4	72.9	108.8	86.1	80.8	93.6	80	91.5	82.5	71.1	91.3	2010-07-01
2010-Q4	9592	4641	3326	1145	337	104	39	85.2	94.4	79.3	114.1	92.3	98.8	113.6	84.9	91.5	92.4	85.1	106.9	2010-10-01
2011-Q1	9319	4573	3220	1081	329	79	36	92.6	99.3	89.3	117.1	94	91.2	97.1	90.3	90.9	91.8	91.1	109.7	2011-01-01
2011-Q2	9820	4590	3552	1249	303	82	44	80.2	89.7	78.7	112.9	90.3	78	95.1	78.5	91.7	78.6	66.2	93.2	2011-04-01
2011-Q3	10062	4804	3645	1204	307	72	30	79	84.9	76	108.9	83.1	77.9	101.1	82.4	90.7	84.5	72.5	91.3	2011-07-01
2011-Q4	10453	5068	3703	1192	346	90	54	88.2	94.8	82.8	108.5	93.8	94.4	104.6	87.4	91.1	94.9	79.4	108.2	2011-10-01
2012-Q1	9995	4828	3540	1193	309	86	39	94.1	99.1	91.4	114.9	95.6	95.5	103.3	89.4	91.8	91.3	86.9	109.7	2012-01-01
2012-Q2	10146	4838	3633	1225	307	88	55	84.6	92.1	81.3	112	91.1	78.2	93.6	80.7	92.8	85.7	73	88.7	2012-04-01
2012-Q3	10954	5430	3830	1223	333	96	42	84.7	92.7	81.9	111.1	88.8	82.7	93.9	87.5	94.9	85.4	78.5	90.5	2012-07-01
2012-Q4	11568	5659	4079	1347	350	82	51	96.1	100.9	91.1	110.6	95.2	98	104.3	91.9	94.4	98.8	88.5	103.6	2012-10-01
2013-Q1	10023	4930	3556	1095	309	88	45	94.6	101.4	102.3	99.5	91.7	105.6	100.6	99.8	93.9	97.2	97.9	103.3	2013-01-01
2013-Q2	9507	4480	3423	1181	287	93	43	86.9	92	92.5	101.2	89.4	81.1	91.5	84.3	94.2	86.7	83.3	89.1	2013-04-01
2013-Q3	9864	4843	3390	1151	327	94	59	88.9	91.4	92.4	99.9	84.7	81.7	87.8	88.2	94.4	85.9	81.7	90.6	2013-07-01
2013-Q4	10326	5039	3555	1224	371	85	52	100.3	106	101.2	102.5	97.3	96.2	101	97.5	96.2	99.8	98	102.8	2013-10-01
2014-Q1	9905	4805	3539	1131	292	91	47	103.2	109.1	105	101.6	96.3	102.8	93	104.4	96.8	99.5	113	106.3	2014-01-01
2014-Q2	10466	4945	3802	1238	318	110	53	92.4	96.7	94.6	100	92.5	85	95.1	86.1	97	92.9	84	90	2014-04-01
2014-Q3	10670	5084	3886	1252	328	77	43	89.5	94.8	95.3	100.1	89.9	84.8	90.2	95.7	98.2	92.6	84.3	91.8	2014-07-01
2014-Q4	11191	5493	4035	1238	305	79	41	99.6	104.1	103.3	102.4	97	103.7	108.2	97.3	98.3	106.1	100.5	103.4	2014-10-01
2015-Q1	10168	5007	3515	1206	309	88	43	105.7	109.9	111.6	98.8	105.4	111	102	110.6	100.2	102	121.1	109.6	2015-01-01
2015-Q2	10089	4710	3625	1242	356	109	47	97.5	95.2	93.9	100.4	98.5	90.6	99.4	90.3	99.5	94.8	89.1	92	2015-04-01
2015-Q3	10783	5177	3824	1288	350	88	56	93.5	93.1	93.3	98.2	95.2	89.9	92.5	97.8	99.6	92.9	94.1	92	2015-07-01
2015-Q4	11145	5354	3893	1363	379	103	53	103.2	101.8	101.2	102.6	100.9	108.6	106.2	101.2	100.6	110.3	95.6	106.5	2015-10-01
2016-Q1	9927	4699	3634	1123	320	107	44	108.7	105.4	109.9	98.5	105.4	108.8	106	115.9	102	109.3	118.3	118.4	2016-01-01
2016-Q2	10278	4760	3705	1296	365	97	55	99.2	96.6	94.4	100.1	100.7	88.7	98.5	94.1	101.8	99.4	91.3	100.4	2016-04-01
2016-Q3	10622	5028	3818	1253	371	102	50	94.9	94.9	99.4	99.5	95.4	87.9	104.3	99.4	101.5	98.9	92.6	95	2016-07-01
2016-Q4	10424	4905	3756	1255	322	128	58	107.2	106.5	114.4	101	105.6	96.4	109.3	101.6	100	112	102.1	105.2	2016-10-01
2017-Q1	9793	4521	3566	1190	357	93	66	109.3	108	117	105.8	107.9	98.1	132.5	116.2	100.4	108.6	116.2	114.6	2017-01-01
2017-Q2	9440	4383	3408	1117	353	120	59	100.5	98	108.2	103.6	104.6	82.3	122.2	94	101	100.2	95.8	100.6	2017-04-01
2017-Q3	10163	4775	3692	1188	322	118	68	95.3	98	109	100.1	98.1	74.2	110	103	99.7	98.7	96.5	99.5	2017-07-01
2017-Q4	10219	4891	3540	1226	348	142	72	105.5	108.5	113.7	104.7	103.4	93.8	128.1	107.3	100	109.4	109.7	109.4	2017-10-01
2018-Q1	9598	4539	3397	1180	330	98	54	109.6	108.8	118.9	102.3	110.3	92.8	138.9	118	99.7	111.1	127.1	114.8	2018-01-01
2018-Q2	9427	4387	3338	1168	374	94	66	97.9	101.1	109.2	105.7	106.6	75.7	123.8	96.7	100.1	104.4	95.8	102.9	2018-04-01
2018-Q3	9841	4574	3532	1224	337	116	58	93.6	99.8	108.7	100.9	101.5	73.4	119.3	105.6	100.5	101.2	100.3	101.8	2018-07-01
2018-Q4	10173	4711	3670	1232	372	109	79	104.7	109.9	112.7	105	107.3	93.1	136.3	110.1	101.9	113.1	111.8	115.8	2018-10-01
2019-Q1	9402	4456	3316	1128	316	105	81	111.1	112.3	114.6	100.9	114.6	94.4	140.6	119.3	102.3	113.6	126	123.1	2019-01-01
2019-Q2	9487	4384	3387	1175	336	124	81	101.3	104.4	106.7	101.7	111.7	79.9	128.3	98.2	103.3	106	95.6	110.6	2019-04-01
